1.939261518418788910e-02
7.536359876394271851e-02
1.189893037080764771e-01
1.515144854784011841e-01
1.756082177162170410e-01
1.937245428562164307e-01
2.077838331460952759e-01
2.192016541957855225e-01
2.289924323558807373e-01
2.378753572702407837e-01
2.463607043027877808e-01
2.548167109489440918e-01
2.635176777839660645e-01
2.726779878139495850e-01
2.824764847755432129e-01
2.930727601051330566e-01
3.046198487281799316e-01
3.172720372676849365e-01
3.311907052993774414e-01
3.465480208396911621e-01
3.635297119617462158e-01
3.823327422142028809e-01
4.031641483306884766e-01
4.262317419052124023e-01
4.517310261726379395e-01
4.798234701156616211e-01
5.106043815612792969e-01
5.440605282783508301e-01
5.800181031227111816e-01
6.180893182754516602e-01
6.576322913169860840e-01
6.977440118789672852e-01
7.373078465461730957e-01
7.751122117042541504e-01
8.100144267082214355e-01
8.411120772361755371e-01
8.678665161132812500e-01
8.901342153549194336e-01
9.081168174743652344e-01
9.222547411918640137e-01
9.331099987030029297e-01
9.412698149681091309e-01
9.472813010215759277e-01
9.516192078590393066e-01
9.546750187873840332e-01
9.567602276802062988e-01
9.581186175346374512e-01
9.589338302612304688e-01
9.593452811241149902e-01
9.594585895538330078e-01
9.593485593795776367e-01
9.590728282928466797e-01
9.586740136146545410e-01
9.581821560859680176e-01
9.576197266578674316e-01
9.570029973983764648e-01
9.563446044921875000e-01
9.556535482406616211e-01
9.549351930618286133e-01
9.541949033737182617e-01
9.534358978271484375e-01
9.526603817939758301e-01
9.518704414367675781e-01
9.510672092437744141e-01
9.502516984939575195e-01
9.494241476058959961e-01
9.485852718353271484e-01
9.477356672286987305e-01
9.468745589256286621e-01
9.460030794143676758e-01
9.451202154159545898e-01
9.442267417907714844e-01
9.433223009109497070e-01
9.424063563346862793e-01
9.414795637130737305e-01
9.405407905578613281e-01
9.395909309387207031e-01
9.386289119720458984e-01
9.376554489135742188e-01
9.366699457168579102e-01
9.356724023818969727e-01
9.346624016761779785e-01
9.336395859718322754e-01
9.326038360595703125e-01
9.315553307533264160e-01
9.304937124252319336e-01
9.294182062149047852e-01
9.283297061920166016e-01
9.272270202636718750e-01
9.261103272438049316e-01
9.249803423881530762e-01
9.238339662551879883e-01
9.226735830307006836e-01
9.214975833892822266e-01
9.203066229820251465e-01
9.190999865531921387e-01
9.178774356842041016e-01
9.166385531425476074e-01
9.153829813003540039e-01
9.141109585762023926e-01
9.128218889236450195e-01
9.115150570869445801e-01
9.101909995079040527e-01
9.088484048843383789e-01
9.074872136116027832e-01
9.061076641082763672e-01
9.047091603279113770e-01
9.032910466194152832e-01
9.018532037734985352e-01
9.003950953483581543e-01
8.989165425300598145e-01
8.974168300628662109e-01
8.958958387374877930e-01
8.943526148796081543e-01
8.927873969078063965e-01
8.911986351013183594e-01
8.895878195762634277e-01
8.879519701004028320e-01
8.862919807434082031e-01
8.846083879470825195e-01
8.828989267349243164e-01
8.811633586883544922e-01
8.794015049934387207e-01
8.776130676269531250e-01
8.757964968681335449e-01
8.739517331123352051e-01
8.720783591270446777e-01
8.701756000518798828e-01
8.682430386543273926e-01
8.662793040275573730e-01
8.642836809158325195e-01
8.622559905052185059e-01
8.601951003074645996e-01
8.581002950668334961e-01
8.559705018997192383e-01
8.538054227828979492e-01
8.516036272048950195e-01
8.493644595146179199e-01
8.470865488052368164e-01
8.447690010070800781e-01
8.424112796783447266e-01
8.400124907493591309e-01
8.375707864761352539e-01
8.350849747657775879e-01
8.325543999671936035e-01
8.299775719642639160e-01
8.273527622222900391e-01
8.246794342994689941e-01
8.219549059867858887e-01
8.191793560981750488e-01
8.163498640060424805e-01
8.134655356407165527e-01
8.105246424674987793e-01
8.075257539749145508e-01
8.044658899307250977e-01
8.013434410095214844e-01
7.981572151184082031e-01
7.949042916297912598e-01
7.915832996368408203e-01
7.881910800933837891e-01
7.847252488136291504e-01
7.811838388442993164e-01
7.775641083717346191e-01
7.738630175590515137e-01
7.700773477554321289e-01
7.662047147750854492e-01
7.622413635253906250e-01
7.581838965415954590e-01
7.540283799171447754e-01
7.497717738151550293e-01
7.454090118408203125e-01
7.409366965293884277e-01
7.363499402999877930e-01
7.316439747810363770e-01
7.268146276473999023e-01
7.218548059463500977e-01
7.167599797248840332e-01
7.115243077278137207e-01
7.061411142349243164e-01
7.006034255027770996e-01
6.949046850204467773e-01
6.890376210212707520e-01
6.829931735992431641e-01
6.767632961273193359e-01
6.703392267227172852e-01
6.637113094329833984e-01
6.568686366081237793e-01
6.498014926910400391e-01
6.424978971481323242e-01
6.349461674690246582e-01
6.271330118179321289e-01
6.190458536148071289e-01
6.106694340705871582e-01
6.019896864891052246e-01
5.929906964302062988e-01
5.836564898490905762e-01
5.739702582359313965e-01
5.639141201972961426e-01
5.534711480140686035e-01
5.426235795021057129e-01
5.313528180122375488e-01
5.196425318717956543e-01
5.074756145477294922e-01
4.948362112045288086e-01
4.817117452621459961e-01
4.680909514427185059e-01
4.539666473865509033e-01
4.393363595008850098e-01
4.242029488086700439e-01
4.085766375064849854e-01
3.924764096736907959e-01
3.759297728538513184e-01
3.589767515659332275e-01
3.416690230369567871e-01
3.240712583065032959e-01
3.062617480754852295e-01
2.883318066596984863e-01
2.703842222690582275e-01
2.525315284729003906e-01
2.348933219909667969e-01
2.175914794206619263e-01
2.007463425397872925e-01
1.844723224639892578e-01
1.688723117113113403e-01
1.540347486734390259e-01
1.400301009416580200e-01
1.269092261791229248e-01
1.147024184465408325e-01
1.034204959869384766e-01
9.305628389120101929e-02
8.358725160360336304e-02
7.497814297676086426e-02
6.718418002128601074e-02
6.015405431389808655e-02
5.383257940411567688e-02
4.816277325153350830e-02
4.308801516890525818e-02
3.855310752987861633e-02
3.450552746653556824e-02
3.089599125087261200e-02
2.767878398299217224e-02
2.481203339993953705e-02
2.225767262279987335e-02
1.998126506805419922e-02
1.795191876590251923e-02
1.614199019968509674e-02
1.452682539820671082e-02
1.308451779186725616e-02
1.179561764001846313e-02
1.064290106296539307e-02
9.611112065613269806e-03
8.686768822371959686e-03
7.857946678996086121e-03
7.114109583199024200e-03
6.445941515266895294e-03
5.845188628882169724e-03
5.304565653204917908e-03
4.817614331841468811e-03
4.378619138151407242e-03
3.982508555054664612e-03
3.624788951128721237e-03
3.301462158560752869e-03
3.008979838341474533e-03
2.744184574112296104e-03
2.504267962649464607e-03
2.286722650751471519e-03
2.089311834424734116e-03
1.910044928081333637e-03
1.747133210301399231e-03
1.598983886651694775e-03
1.464167726226150990e-03
1.341403345577418804e-03
1.229540794156491756e-03
1.127550378441810608e-03
1.034502871334552765e-03
9.495640406385064125e-04
8.719838224351406097e-04
8.010842138901352882e-04
7.362557225860655308e-04
6.769473548047244549e-04
6.226605619303882122e-04
5.729455733671784401e-04
5.273960414342582226e-04
4.856428713537752628e-04
4.473520675674080849e-04
4.122211830690503120e-04
3.799752448685467243e-04
3.503652696963399649e-04
3.231644222978502512e-04
2.981666184496134520e-04
2.751849533524364233e-04
2.540485584177076817e-04
2.346021356061100960e-04
2.167040365748107433e-04
2.002254332182928920e-04
1.850486296461895108e-04
1.710659998934715986e-04
1.581795950187370181e-04
1.462996151531115174e-04
1.353441039100289345e-04
1.252381916856393218e-04
1.159132516477257013e-04
1.073064704542048275e-04
9.936023707268759608e-05
9.202200453728437424e-05
8.524340955773368478e-05
7.898014155216515064e-05
7.319157157326117158e-05
6.784040306229144335e-05
6.289240263868123293e-05
5.831609814777038991e-05
5.408260767580941319e-05
5.016536670154891908e-05
4.653994983527809381e-05
4.318389255786314607e-05
4.007653842563740909e-05
3.719892265507951379e-05
3.453339741099625826e-05
3.206391556886956096e-05
2.977560325234662741e-05
2.765478348010219634e-05
